mix|hack%/yr|inflow %cap/mo|panic|fee%|staker share%|max withdraw wait d|max claim delay d|unpaid claims end %cap|unpaid withdrawals end %cap|worst gap %cap|pool fees %cap|payee fee % of payouts
even|0.25|0|no|0.3|100|0|0|0.00|0.00|-1.44|0.12|0.00
even|0.25|0|no|0.3|50|0|0|0.00|0.00|-0.47|0.12|0.00
even|0.25|0|no|3.0|100|0|0|0.00|0.00|-2.54|1.22|0.00
even|0.25|0|no|3.0|50|0|0|0.00|0.00|-1.44|1.21|0.00
even|0.25|0|yes|0.3|100|0|0|0.00|0.00|-0.16|0.12|0.00
even|0.25|0|yes|0.3|50|0|0|0.00|0.00|0.00|0.12|0.00
even|0.25|0|yes|3.0|100|0|0|0.00|0.00|-1.24|1.24|0.00
even|0.25|0|yes|3.0|50|0|0|0.00|0.00|-0.39|1.22|0.00
even|0.25|3|no|0.3|100|0|0|4.92|0.00|-5.11|0.21|0.00
even|0.25|3|no|0.3|50|0|0|4.92|0.00|-2.63|0.21|0.00
even|0.25|3|no|3.0|100|0|0|4.92|0.00|-6.54|2.15|0.00
even|0.25|3|no|3.0|50|0|0|4.92|0.00|-4.08|2.13|0.00
even|0.25|3|yes|0.3|100|0|0|0.00|0.00|-0.15|0.20|0.00
even|0.25|3|yes|0.3|50|0|0|0.00|0.00|0.00|0.20|0.00
even|0.25|3|yes|3.0|100|0|0|0.00|0.00|-2.04|2.09|0.00
even|0.25|3|yes|3.0|50|0|0|0.00|0.00|-0.40|2.06|0.00
even|0.25|10|no|0.3|100|0|0|0.00|0.00|-5.66|0.29|0.00
even|0.25|10|no|0.3|50|0|0|0.00|0.00|-1.92|0.29|0.00
even|0.25|10|no|3.0|100|0|0|0.00|0.00|-8.14|3.00|0.00
even|0.25|10|no|3.0|50|0|0|0.00|0.00|-4.08|2.96|0.00
even|0.25|10|yes|0.3|100|0|0|0.31|0.00|-2.53|0.36|0.00
even|0.25|10|yes|0.3|50|0|0|0.31|0.00|-0.03|0.35|0.00
even|0.25|10|yes|3.0|100|0|0|0.31|0.00|-5.25|3.65|0.00
even|0.25|10|yes|3.0|50|0|0|0.31|0.00|-1.94|3.60|0.00
even|0.50|0|no|0.3|100|0|0|0.06|0.00|-0.12|0.12|0.00
even|0.50|0|no|0.3|50|0|0|0.06|0.00|0.00|0.11|0.00
even|0.50|0|no|3.0|100|0|0|0.06|0.00|-1.19|1.19|0.00
even|0.50|0|no|3.0|50|0|0|0.06|0.00|-0.40|1.17|0.00
even|0.50|0|yes|0.3|100|0|0|0.16|0.00|-1.70|0.13|0.00
even|0.50|0|yes|0.3|50|0|0|0.16|0.00|-1.35|0.13|0.00
even|0.50|0|yes|3.0|100|0|0|0.16|0.00|-2.84|1.33|0.00
even|0.50|0|yes|3.0|50|0|0|0.16|0.00|-1.69|1.30|0.00
even|0.50|3|no|0.3|100|0|0|0.00|0.00|-8.76|0.21|0.00
even|0.50|3|no|0.3|50|0|0|0.00|0.00|-6.76|0.21|0.00
even|0.50|3|no|3.0|100|0|0|0.00|0.00|-10.69|2.13|0.00
even|0.50|3|no|3.0|50|0|0|0.00|0.00|-8.60|2.10|0.00
even|0.50|3|yes|0.3|100|0|0|0.00|0.00|-0.15|0.20|0.00
even|0.50|3|yes|0.3|50|0|0|0.00|0.00|0.00|0.20|0.00
even|0.50|3|yes|3.0|100|0|0|0.00|0.00|-2.04|2.09|0.00
even|0.50|3|yes|3.0|50|0|0|0.00|0.00|-0.40|2.06|0.00
even|0.50|10|no|0.3|100|0|0|2.00|0.00|-5.66|0.31|0.00
even|0.50|10|no|0.3|50|0|0|2.00|0.00|-1.92|0.30|0.00
even|0.50|10|no|3.0|100|0|0|2.00|0.00|-8.14|3.12|0.00
even|0.50|10|no|3.0|50|0|0|2.00|0.00|-4.08|3.08|0.00
even|0.50|10|yes|0.3|100|0|0|0.50|0.00|-5.72|0.33|0.00
even|0.50|10|yes|0.3|50|0|0|0.50|0.00|-2.32|0.33|0.00
even|0.50|10|yes|3.0|100|0|0|0.50|0.00|-8.41|3.41|0.00
even|0.50|10|yes|3.0|50|0|0|0.50|0.00|-4.49|3.37|0.00
even|1.00|0|no|0.3|100|0|0|0.00|0.00|-2.95|0.12|0.00
even|1.00|0|no|0.3|50|0|0|0.00|0.00|-2.41|0.12|0.00
even|1.00|0|no|3.0|100|0|0|0.00|0.00|-3.69|1.23|0.00
even|1.00|0|no|3.0|50|0|0|0.00|0.00|-2.95|1.21|0.00
even|1.00|0|yes|0.3|100|0|0|0.00|0.00|-1.83|0.12|0.00
even|1.00|0|yes|0.3|50|0|0|0.00|0.00|-1.45|0.12|0.00
even|1.00|0|yes|3.0|100|0|0|0.00|0.00|-2.89|1.28|0.00
even|1.00|0|yes|3.0|50|0|0|0.00|0.00|-2.00|1.26|0.00
even|1.00|3|no|0.3|100|0|0|0.10|0.00|-4.01|0.20|0.00
even|1.00|3|no|0.3|50|0|0|0.10|0.00|-2.83|0.19|0.00
even|1.00|3|no|3.0|100|0|0|0.10|0.00|-5.46|2.02|0.00
even|1.00|3|no|3.0|50|0|0|0.10|0.00|-3.91|1.99|0.00
even|1.00|3|yes|0.3|100|0|0|0.00|0.00|-4.09|0.21|0.00
even|1.00|3|yes|0.3|50|0|0|0.00|0.00|-2.47|0.21|0.00
even|1.00|3|yes|3.0|100|0|0|0.00|0.00|-6.03|2.15|0.00
even|1.00|3|yes|3.0|50|0|0|0.00|0.00|-4.15|2.12|0.00
even|1.00|10|no|0.3|100|0|0|1.79|0.00|-9.55|0.30|0.00
even|1.00|10|no|0.3|50|0|0|1.79|0.00|-6.25|0.30|0.00
even|1.00|10|no|3.0|100|0|0|1.79|0.00|-12.27|3.09|0.00
even|1.00|10|no|3.0|50|0|0|1.79|0.00|-8.41|3.06|0.00
even|1.00|10|yes|0.3|100|0|0|0.07|0.00|-3.23|0.34|0.00
even|1.00|10|yes|0.3|50|0|0|0.07|0.00|-1.63|0.34|0.00
even|1.00|10|yes|3.0|100|0|0|0.07|0.00|-6.35|3.46|0.00
even|1.00|10|yes|3.0|50|0|0|0.07|0.00|-2.77|3.42|0.00
even|2.00|0|no|0.3|100|0|0|0.00|0.00|-3.85|0.13|0.00
even|2.00|0|no|0.3|50|0|0|0.00|0.00|-2.88|0.13|0.00
even|2.00|0|no|3.0|100|0|0|0.00|0.00|-4.91|1.31|0.00
even|2.00|0|no|3.0|50|0|0|0.00|0.00|-3.71|1.29|0.00
even|2.00|0|yes|0.3|100|0|0|0.03|0.00|-4.92|0.14|0.00
even|2.00|0|yes|0.3|50|0|0|0.03|0.00|-3.88|0.14|0.00
even|2.00|0|yes|3.0|100|0|0|0.03|0.00|-6.19|1.41|0.00
even|2.00|0|yes|3.0|50|0|0|0.03|0.00|-5.12|1.39|0.00
even|2.00|3|no|0.3|100|0|0|0.48|0.00|-8.96|0.22|0.00
even|2.00|3|no|0.3|50|0|0|0.48|0.00|-7.19|0.22|0.00
even|2.00|3|no|3.0|100|0|0|0.48|0.00|-10.98|2.25|0.00
even|2.00|3|no|3.0|50|0|0|0.48|0.00|-9.04|2.23|0.00
even|2.00|3|yes|0.3|100|0|0|1.20|0.00|-9.00|0.20|0.00
even|2.00|3|yes|0.3|50|0|0|1.20|0.00|-7.94|0.20|0.00
even|2.00|3|yes|3.0|100|0|0|1.20|0.00|-10.82|2.07|0.00
even|2.00|3|yes|3.0|50|0|0|1.20|0.00|-9.19|2.05|0.00
even|2.00|10|no|0.3|100|0|0|0.86|0.00|-13.15|0.31|0.00
even|2.00|10|no|0.3|50|0|0|0.86|0.00|-9.70|0.31|0.00
even|2.00|10|no|3.0|100|0|0|0.86|0.00|-15.70|3.18|0.00
even|2.00|10|no|3.0|50|0|0|0.86|0.00|-11.97|3.14|0.00
even|2.00|10|yes|0.3|100|0|0|2.77|0.00|-3.72|0.35|0.00
even|2.00|10|yes|0.3|50|0|0|2.77|0.00|-1.59|0.34|0.00
even|2.00|10|yes|3.0|100|0|0|2.77|0.00|-6.64|3.51|0.00
even|2.00|10|yes|3.0|50|0|0|2.77|0.00|-2.90|3.47|0.00
even|3.00|0|no|0.3|100|0|0|0.72|0.00|-5.61|0.13|0.00
even|3.00|0|no|0.3|50|0|0|0.72|0.00|-5.14|0.13|0.00
even|3.00|0|no|3.0|100|0|0|0.72|0.00|-6.40|1.35|0.00
even|3.00|0|no|3.0|50|0|0|0.72|0.00|-5.77|1.33|0.00
even|3.00|0|yes|0.3|100|0|0|0.03|0.00|-2.72|0.13|0.00
even|3.00|0|yes|0.3|50|0|0|0.03|0.00|-2.27|0.13|0.00
even|3.00|0|yes|3.0|100|0|0|0.03|0.00|-3.75|1.32|0.00
even|3.00|0|yes|3.0|50|0|0|0.03|0.00|-2.82|1.30|0.00
even|3.00|3|no|0.3|100|0|0|0.94|0.00|-3.00|0.21|0.00
even|3.00|3|no|0.3|50|0|0|0.94|0.00|-1.84|0.21|0.00
even|3.00|3|no|3.0|100|0|0|0.94|0.00|-4.39|2.17|0.00
even|3.00|3|no|3.0|50|0|0|0.94|0.00|-2.84|2.14|0.00
even|3.00|3|yes|0.3|100|0|0|4.36|0.00|-10.86|0.22|0.00
even|3.00|3|yes|0.3|50|0|0|4.36|0.00|-9.20|0.22|0.00
even|3.00|3|yes|3.0|100|0|0|4.36|0.00|-12.93|2.29|0.00
even|3.00|3|yes|3.0|50|0|0|4.36|0.00|-10.97|2.27|0.00
even|3.00|10|no|0.3|100|0|0|2.56|0.00|-12.21|0.32|0.00
even|3.00|10|no|0.3|50|0|0|2.56|0.00|-9.00|0.32|0.00
even|3.00|10|no|3.0|100|0|0|2.56|0.00|-14.87|3.29|0.00
even|3.00|10|no|3.0|50|0|0|2.56|0.00|-11.41|3.25|0.00
even|3.00|10|yes|0.3|100|0|0|1.32|0.00|-10.92|0.35|0.00
even|3.00|10|yes|0.3|50|0|0|1.32|0.00|-8.68|0.35|0.00
even|3.00|10|yes|3.0|100|0|0|1.32|0.00|-13.26|3.59|0.00
even|3.00|10|yes|3.0|50|0|0|1.32|0.00|-10.89|3.55|0.00
A-heavy|0.25|0|no|0.3|100|0|0|0.00|0.00|-1.44|0.12|0.00
A-heavy|0.25|0|no|0.3|50|0|0|0.00|0.00|-0.47|0.12|0.00
A-heavy|0.25|0|no|3.0|100|0|0|0.00|0.00|-2.54|1.22|0.00
A-heavy|0.25|0|no|3.0|50|0|0|0.00|0.00|-1.44|1.21|0.00
A-heavy|0.25|0|yes|0.3|100|0|0|0.00|0.00|-0.16|0.12|0.00
A-heavy|0.25|0|yes|0.3|50|0|0|0.00|0.00|0.00|0.12|0.00
A-heavy|0.25|0|yes|3.0|100|0|0|0.00|0.00|-1.24|1.24|0.00
A-heavy|0.25|0|yes|3.0|50|0|0|0.00|0.00|-0.39|1.22|0.00
A-heavy|0.25|3|no|0.3|100|0|0|4.92|0.00|-5.11|0.21|0.00
A-heavy|0.25|3|no|0.3|50|0|0|4.92|0.00|-2.63|0.21|0.00
A-heavy|0.25|3|no|3.0|100|0|0|4.92|0.00|-6.54|2.15|0.00
A-heavy|0.25|3|no|3.0|50|0|0|4.92|0.00|-4.08|2.13|0.00
A-heavy|0.25|3|yes|0.3|100|0|0|0.00|0.00|-0.15|0.20|0.00
A-heavy|0.25|3|yes|0.3|50|0|0|0.00|0.00|0.00|0.20|0.00
A-heavy|0.25|3|yes|3.0|100|0|0|0.00|0.00|-2.04|2.09|0.00
A-heavy|0.25|3|yes|3.0|50|0|0|0.00|0.00|-0.40|2.06|0.00
A-heavy|0.25|10|no|0.3|100|0|0|0.00|0.00|-5.66|0.29|0.00
A-heavy|0.25|10|no|0.3|50|0|0|0.00|0.00|-1.92|0.29|0.00
A-heavy|0.25|10|no|3.0|100|0|0|0.00|0.00|-8.14|3.00|0.00
A-heavy|0.25|10|no|3.0|50|0|0|0.00|0.00|-4.08|2.96|0.00
A-heavy|0.25|10|yes|0.3|100|0|0|0.31|0.00|-2.53|0.36|0.00
A-heavy|0.25|10|yes|0.3|50|0|0|0.31|0.00|-0.03|0.35|0.00
A-heavy|0.25|10|yes|3.0|100|0|0|0.31|0.00|-5.25|3.65|0.00
A-heavy|0.25|10|yes|3.0|50|0|0|0.31|0.00|-1.94|3.60|0.00
A-heavy|0.50|0|no|0.3|100|0|0|0.06|0.00|-0.12|0.12|0.00
A-heavy|0.50|0|no|0.3|50|0|0|0.06|0.00|0.00|0.11|0.00
A-heavy|0.50|0|no|3.0|100|0|0|0.06|0.00|-1.19|1.19|0.00
A-heavy|0.50|0|no|3.0|50|0|0|0.06|0.00|-0.40|1.17|0.00
A-heavy|0.50|0|yes|0.3|100|0|0|0.16|0.00|-1.70|0.13|0.00
A-heavy|0.50|0|yes|0.3|50|0|0|0.16|0.00|-1.35|0.13|0.00
A-heavy|0.50|0|yes|3.0|100|0|0|0.16|0.00|-2.84|1.33|0.00
A-heavy|0.50|0|yes|3.0|50|0|0|0.16|0.00|-1.69|1.30|0.00
A-heavy|0.50|3|no|0.3|100|0|0|0.00|0.00|-8.76|0.21|0.00
A-heavy|0.50|3|no|0.3|50|0|0|0.00|0.00|-6.76|0.21|0.00
A-heavy|0.50|3|no|3.0|100|0|0|0.00|0.00|-10.69|2.13|0.00
A-heavy|0.50|3|no|3.0|50|0|0|0.00|0.00|-8.60|2.10|0.00
A-heavy|0.50|3|yes|0.3|100|0|0|0.00|0.00|-0.15|0.20|0.00
A-heavy|0.50|3|yes|0.3|50|0|0|0.00|0.00|0.00|0.20|0.00
A-heavy|0.50|3|yes|3.0|100|0|0|0.00|0.00|-2.04|2.09|0.00
A-heavy|0.50|3|yes|3.0|50|0|0|0.00|0.00|-0.40|2.06|0.00
A-heavy|0.50|10|no|0.3|100|0|0|2.00|0.00|-5.66|0.31|0.00
A-heavy|0.50|10|no|0.3|50|0|0|2.00|0.00|-1.92|0.30|0.00
A-heavy|0.50|10|no|3.0|100|0|0|2.00|0.00|-8.14|3.12|0.00
A-heavy|0.50|10|no|3.0|50|0|0|2.00|0.00|-4.08|3.08|0.00
A-heavy|0.50|10|yes|0.3|100|0|0|0.50|0.00|-8.57|0.33|0.00
A-heavy|0.50|10|yes|0.3|50|0|0|0.50|0.00|-4.99|0.33|0.00
A-heavy|0.50|10|yes|3.0|100|0|0|0.50|0.00|-11.32|3.41|0.00
A-heavy|0.50|10|yes|3.0|50|0|0|0.50|0.00|-7.40|3.37|0.00
A-heavy|1.00|0|no|0.3|100|0|0|0.00|0.00|-2.95|0.12|0.00
A-heavy|1.00|0|no|0.3|50|0|0|0.00|0.00|-2.41|0.12|0.00
A-heavy|1.00|0|no|3.0|100|0|0|0.00|0.00|-3.69|1.23|0.00
A-heavy|1.00|0|no|3.0|50|0|0|0.00|0.00|-2.95|1.21|0.00
A-heavy|1.00|0|yes|0.3|100|0|0|0.00|0.00|-1.83|0.12|0.00
A-heavy|1.00|0|yes|0.3|50|0|0|0.00|0.00|-1.45|0.12|0.00
A-heavy|1.00|0|yes|3.0|100|0|0|0.00|0.00|-2.89|1.28|0.00
A-heavy|1.00|0|yes|3.0|50|0|0|0.00|0.00|-2.00|1.26|0.00
A-heavy|1.00|3|no|0.3|100|0|0|0.10|0.00|-4.66|0.20|0.00
A-heavy|1.00|3|no|0.3|50|0|0|0.10|0.00|-3.47|0.19|0.00
A-heavy|1.00|3|no|3.0|100|0|0|0.10|0.00|-6.13|2.02|0.00
A-heavy|1.00|3|no|3.0|50|0|0|0.10|0.00|-4.58|1.99|0.00
A-heavy|1.00|3|yes|0.3|100|0|0|0.00|0.00|-4.09|0.21|0.00
A-heavy|1.00|3|yes|0.3|50|0|0|0.00|0.00|-2.47|0.21|0.00
A-heavy|1.00|3|yes|3.0|100|0|0|0.00|0.00|-6.03|2.15|0.00
A-heavy|1.00|3|yes|3.0|50|0|0|0.00|0.00|-4.15|2.12|0.00
A-heavy|1.00|10|no|0.3|100|0|0|1.79|0.00|-9.55|0.30|0.00
A-heavy|1.00|10|no|0.3|50|0|0|1.79|0.00|-6.25|0.30|0.00
A-heavy|1.00|10|no|3.0|100|0|0|1.79|0.00|-12.27|3.09|0.00
A-heavy|1.00|10|no|3.0|50|0|0|1.79|0.00|-8.41|3.06|0.00
A-heavy|1.00|10|yes|0.3|100|0|0|0.07|0.00|-3.23|0.34|0.00
A-heavy|1.00|10|yes|0.3|50|0|0|0.07|0.00|-1.63|0.34|0.00
A-heavy|1.00|10|yes|3.0|100|0|0|0.07|0.00|-6.35|3.46|0.00
A-heavy|1.00|10|yes|3.0|50|0|0|0.07|0.00|-2.77|3.42|0.00
A-heavy|2.00|0|no|0.3|100|0|0|0.00|0.00|-3.85|0.13|0.00
A-heavy|2.00|0|no|0.3|50|0|0|0.00|0.00|-2.88|0.13|0.00
A-heavy|2.00|0|no|3.0|100|0|0|0.00|0.00|-4.91|1.31|0.00
A-heavy|2.00|0|no|3.0|50|0|0|0.00|0.00|-3.71|1.29|0.00
A-heavy|2.00|0|yes|0.3|100|0|0|0.03|0.00|-4.92|0.14|0.00
A-heavy|2.00|0|yes|0.3|50|0|0|0.03|0.00|-3.88|0.14|0.00
A-heavy|2.00|0|yes|3.0|100|0|0|0.03|0.00|-6.19|1.41|0.00
A-heavy|2.00|0|yes|3.0|50|0|0|0.03|0.00|-5.12|1.39|0.00
A-heavy|2.00|3|no|0.3|100|0|0|0.48|0.00|-8.96|0.22|0.00
A-heavy|2.00|3|no|0.3|50|0|0|0.48|0.00|-7.19|0.22|0.00
A-heavy|2.00|3|no|3.0|100|0|0|0.48|0.00|-10.98|2.25|0.00
A-heavy|2.00|3|no|3.0|50|0|0|0.48|0.00|-9.04|2.23|0.00
A-heavy|2.00|3|yes|0.3|100|0|0|1.20|0.00|-9.00|0.20|0.00
A-heavy|2.00|3|yes|0.3|50|0|0|1.20|0.00|-7.94|0.20|0.00
A-heavy|2.00|3|yes|3.0|100|0|0|1.20|0.00|-10.82|2.07|0.00
A-heavy|2.00|3|yes|3.0|50|0|0|1.20|0.00|-9.19|2.05|0.00
A-heavy|2.00|10|no|0.3|100|0|0|0.86|0.00|-13.15|0.31|0.00
A-heavy|2.00|10|no|0.3|50|0|0|0.86|0.00|-9.70|0.31|0.00
A-heavy|2.00|10|no|3.0|100|0|0|0.86|0.00|-15.70|3.18|0.00
A-heavy|2.00|10|no|3.0|50|0|0|0.86|0.00|-11.97|3.14|0.00
A-heavy|2.00|10|yes|0.3|100|0|0|2.77|0.00|-4.31|0.35|0.00
A-heavy|2.00|10|yes|0.3|50|0|0|2.77|0.00|-1.59|0.34|0.00
A-heavy|2.00|10|yes|3.0|100|0|0|2.77|0.00|-7.24|3.51|0.00
A-heavy|2.00|10|yes|3.0|50|0|0|2.77|0.00|-3.51|3.47|0.00
A-heavy|3.00|0|no|0.3|100|0|0|1.08|0.00|-5.61|0.13|0.00
A-heavy|3.00|0|no|0.3|50|0|0|1.08|0.00|-5.14|0.13|0.00
A-heavy|3.00|0|no|3.0|100|0|0|1.08|0.00|-6.40|1.35|0.00
A-heavy|3.00|0|no|3.0|50|0|0|1.08|0.00|-5.77|1.33|0.00
A-heavy|3.00|0|yes|0.3|100|0|0|0.03|0.00|-5.84|0.13|0.00
A-heavy|3.00|0|yes|0.3|50|0|0|0.03|0.00|-5.38|0.13|0.00
A-heavy|3.00|0|yes|3.0|100|0|0|0.03|0.00|-6.64|1.35|0.00
A-heavy|3.00|0|yes|3.0|50|0|0|0.03|0.00|-5.98|1.33|0.00
A-heavy|3.00|3|no|0.3|100|0|0|0.94|0.00|-3.00|0.21|0.00
A-heavy|3.00|3|no|0.3|50|0|0|0.94|0.00|-1.84|0.21|0.00
A-heavy|3.00|3|no|3.0|100|0|0|0.94|0.00|-4.39|2.17|0.00
A-heavy|3.00|3|no|3.0|50|0|0|0.94|0.00|-2.84|2.14|0.00
A-heavy|3.00|3|yes|0.3|100|0|0|4.36|0.00|-10.86|0.22|0.00
A-heavy|3.00|3|yes|0.3|50|0|0|4.36|0.00|-9.20|0.22|0.00
A-heavy|3.00|3|yes|3.0|100|0|0|4.36|0.00|-12.93|2.29|0.00
A-heavy|3.00|3|yes|3.0|50|0|0|4.36|0.00|-10.97|2.27|0.00
A-heavy|3.00|10|no|0.3|100|0|0|3.84|0.00|-12.21|0.32|0.00
A-heavy|3.00|10|no|0.3|50|0|0|3.84|0.00|-9.00|0.32|0.00
A-heavy|3.00|10|no|3.0|100|0|0|3.84|0.00|-14.87|3.29|0.00
A-heavy|3.00|10|no|3.0|50|0|0|3.84|0.00|-11.41|3.25|0.00
A-heavy|3.00|10|yes|0.3|100|0|0|1.49|0.00|-10.92|0.35|0.00
A-heavy|3.00|10|yes|0.3|50|0|0|1.49|0.00|-8.68|0.35|0.00
A-heavy|3.00|10|yes|3.0|100|0|0|1.49|0.00|-13.26|3.59|0.00
A-heavy|3.00|10|yes|3.0|50|0|0|1.49|0.00|-10.89|3.55|0.00

steady state, fee 0.3%, staker share 100%
mix|hack %/yr|runs failing within 10y|median first failure (years)|earliest|first to fail
even|1|0/5|>10|>10|-
even|3|0/5|>10|>10|-
even|5|0/5|>10|>10|-
even|10|0/5|>10|>10|-
even|20|4/5|6.8|4.4|claim,withdrawal
A-heavy|1|0/5|>10|>10|-
A-heavy|3|0/5|>10|>10|-
A-heavy|5|0/5|>10|>10|-
A-heavy|10|1/5|8.5|8.5|withdrawal
A-heavy|20|5/5|7.1|5.4|withdrawal

steady state, fee 3.0%, staker share 100%
mix|hack %/yr|runs failing within 10y|median first failure (years)|earliest|first to fail
even|1|0/5|>10|>10|-
even|3|0/5|>10|>10|-
even|5|0/5|>10|>10|-
even|10|0/5|>10|>10|-
even|20|4/5|7.4|5.6|withdrawal
A-heavy|1|0/5|>10|>10|-
A-heavy|3|0/5|>10|>10|-
A-heavy|5|0/5|>10|>10|-
A-heavy|10|3/5|9.0|8.2|withdrawal
A-heavy|20|4/5|8.0|5.5|withdrawal

steady state, fee 0.3%, staker share 50%
mix|hack %/yr|runs failing within 10y|median first failure (years)|earliest|first to fail
even|1|0/5|>10|>10|-
even|3|0/5|>10|>10|-
even|5|0/5|>10|>10|-
even|10|0/5|>10|>10|-
even|20|5/5|7.9|7.3|withdrawal
A-heavy|1|0/5|>10|>10|-
A-heavy|3|0/5|>10|>10|-
A-heavy|5|0/5|>10|>10|-
A-heavy|10|0/5|>10|>10|-
A-heavy|20|5/5|6.6|3.9|withdrawal
